# omega:0.160000 -> period 39.270s
2095.0    4.51172
2096.0    4.41797
2097.0    4.25000
2098.0    4.23438
2099.0    4.41797
2100.0    4.60547
2101.0    4.50000
2102.0    4.47656
2103.0    4.48828
2104.0    4.41797
2105.0    4.31641
2106.0    4.19141
2107.0    4.31641
2108.0    4.46484
2109.0    4.60547
2110.0    4.58594
2111.0    4.34375
2112.0    4.65234
2113.0    4.83594
2114.0    4.78906
2115.0    4.85938
2116.0    4.82031
2117.0    4.72656
2118.0    4.57422
2119.0    4.59375
2120.0    4.79688
2121.0    4.80469
2122.0    4.69141
2123.0    4.76953
2124.0    4.72656
2125.0    4.66406
2126.0    4.40625
2127.0    4.64453
2128.0    4.48828
2129.0    4.46484
2130.0    4.63281
2131.0    4.58594
2132.0    4.45312
2133.0    4.55469
2134.0    4.69141
2135.0    4.47656
2136.0    4.67188
2137.0    4.69141
2138.0    4.69141
2139.0    4.52344
2140.0    4.66406
2141.0    4.56250
2142.0    4.37109
2143.0    4.62500
2144.0    4.54297
2145.0    4.44141
2146.0    4.30469
2147.0    4.53125
2148.0    4.45312
2149.0    4.61328
2150.0    4.69141
2151.0    4.79688
2152.0    4.78906
2153.0    4.92578
2154.0    5.08203
2155.0    5.07031
2156.0    5.11328
2157.0    4.85938
2158.0    5.04297
2159.0    5.14062
2160.0    5.10547
2161.0    5.03516
2162.0    5.14062
2163.0    4.96094
2164.0    4.77734
2165.0    4.84375
2166.0    4.64453
2167.0    4.76172
2168.0    4.69922
2169.0    4.56250
2170.0    4.57422
2171.0    4.69141
2172.0    4.47656
2173.0    4.47656
2174.0    4.78906
2175.0    4.67188
2176.0    4.48828
2177.0    4.46484
2178.0    4.64453
2179.0    4.55469
2180.0    4.80469
2181.0    4.61328
2182.0    4.61328
2183.0    4.61328
2184.0    4.42969
2185.0    4.81250
2186.0    4.81250
2187.0    4.63281
2188.0    4.85156
2189.0    4.74609
2190.0    4.78906
2191.0    5.05078
2192.0    5.01562
2193.0    5.12500
2194.0    5.25781
2195.0    5.16016
2196.0    5.10156
2197.0    5.19922
2198.0    5.11328
2199.0    5.10156
2200.0    4.93359
2201.0    5.03125
2202.0    5.01562
2203.0    4.81250
2204.0    5.00391
2205.0    4.76172
2206.0    4.74609
2207.0    4.78906
2208.0    4.76172
2209.0    4.58594
2210.0    4.69141
2211.0    4.45312
2212.0    4.53125
2213.0    4.62500
2214.0    4.54297
2215.0    4.66406
2216.0    4.61328
2217.0    4.58594
2218.0    4.55469
2219.0    4.54297
2220.0    4.52344
2221.0    4.60547
2222.0    4.61328
2223.0    4.61328
2224.0    4.68359
2225.0    4.85156
2226.0    4.69922
2227.0    4.89844
2228.0    4.92188
2229.0    5.03125
2230.0    5.14062
2231.0    5.04297
2232.0    5.01172
2233.0    5.16016
2234.0    5.25391
2235.0    5.20312
2236.0    5.28516
2237.0    5.12891
2238.0    5.13672
2239.0    5.09375
2240.0    5.05469
2241.0    5.08203
2242.0    4.96875
2243.0    4.94141
2244.0    4.88281
2245.0    4.95703
2246.0    4.73438
2247.0    4.68359
2248.0    4.56250
2249.0    4.71094
2250.0    4.62500
2251.0    4.56250
2252.0    4.60547
2253.0    4.46484
2254.0    4.71875
2255.0    4.55469
2256.0    4.51172
2257.0    4.69141
2258.0    4.45312
2259.0    4.71875
2260.0    4.62500
2261.0    4.71875
2262.0    4.67188
2263.0    4.68359
2264.0    4.63281
2265.0    4.75391
2266.0    4.68359
2267.0    4.95703
2268.0    4.82812
2269.0    4.96094
2270.0    5.05469
2271.0    4.99609
2272.0    5.08203
2273.0    5.10547
2274.0    5.05469
2275.0    5.08594
2276.0    5.12891
2277.0    5.05469
2278.0    5.17188
2279.0    5.18359
2280.0    4.90625
2281.0    4.85156
2282.0    4.89062
2283.0    4.93359
2284.0    4.68359
2285.0    4.66406
2286.0    4.50000
2287.0    4.48828
2288.0    4.56250
2289.0    4.42969
2290.0    4.54297
2291.0    4.69922
2292.0    4.66406
2293.0    4.58594
2294.0    4.68359
2295.0    4.84375
2296.0    4.67188
2297.0    4.76953
2298.0    4.71875
2299.0    4.73438
2300.0    4.79688
2301.0    4.59375
2302.0    4.75391
2303.0    4.65234
2304.0    4.72656
2305.0    4.69922
2306.0    4.76953
2307.0    4.71094
2308.0    4.92578
2309.0    4.98438
2310.0    4.87500
2311.0    4.77734
2312.0    5.03516
